CATMULL_ROM
7
8

# 섹션 1: 버섯 밑동(아주 좁게)
0.210  0.000
0.150  0.150
0.000  0.220
-0.140 0.160
-0.200 0.000
-0.130 -0.140
0.000  -0.210
0.140  -0.160
1.0
0 1 0 0
0 0 0

# 섹션 2: 줄기 상단(조금 넓혀서)
0.190  0.000
0.130  0.130
0.000  0.190
-0.120 0.140
-0.200 0.000
-0.140 -0.130
0.000  -0.190
0.130  -0.140
1.0
0 1 0 0
0 0.5 0

# 섹션 3: 줄기 끝(갓 시작 직전)
0.300  0.000
0.210  0.210
0.000  0.300
-0.200 0.220
-0.300 0.000
-0.220 -0.200
0.000  -0.300
0.200  -0.220
1.0
0 1 0 0
0 1.0 0

# 섹션 4: 갓 근접부(급격히 벌어지기 시작)
0.800  0.000
0.580  0.580
0.000  0.800
-0.600 0.500
-0.800 0.000
-0.500 -0.600
0.000  -0.800
0.600  -0.550
1.0
0 1 0 0
0 1.5 0

# 섹션 5: 갓 중간부(최대 벌어짐)
1.600  0.000
1.100  1.100
0.000  1.600
-1.200 1.300
-1.600 0.000
-1.300 -1.200
0.000  -1.600
1.200  -1.200
1.0
0 1 0 0
0 2.0 0

# 섹션 6: 갓 끝단부(살짝 말리기 시작)
1.400  0.000
1.000  1.000
0.000  1.400
-1.100 1.100
-1.400 0.000
-1.000 -1.100
0.000  -1.400
1.100  -1.000
1.0
0 1 0 0
0 2.5 0

# 섹션 7: 갓 끝단 마무리(말려들어온 느낌)
1.200  0.000
0.850  0.850
0.000  1.200
-0.900 1.000
-1.200 0.000
-0.900 -0.900
0.000  -1.200
0.900  -0.900
1.0
0 1 0 0
0 3.0 0
