CATMULL_ROM
60
12
0.500000 0.000000
0.433013 0.250000
0.250000 0.433013
0.000000 0.500000
-0.250000 0.433013
-0.433013 0.250000
-0.500000 0.000000
-0.433013 -0.250000
-0.250000 -0.433013
-0.000000 -0.500000
0.250000 -0.433013
0.433013 -0.250000
1.0
0 1 0 0.000000
5.000000 0 0.000000
0.500000 0.000000
0.433013 0.250000
0.250000 0.433013
0.000000 0.500000
-0.250000 0.433013
-0.433013 0.250000
-0.500000 0.000000
-0.433013 -0.250000
-0.250000 -0.433013
-0.000000 -0.500000
0.250000 -0.433013
0.433013 -0.250000
1.0
0 1 0 0.052360
4.972609 0 0.522642
0.500000 0.000000
0.433013 0.250000
0.250000 0.433013
0.000000 0.500000
-0.250000 0.433013
-0.433013 0.250000
-0.500000 0.000000
-0.433013 -0.250000
-0.250000 -0.433013
-0.000000 -0.500000
0.250000 -0.433013
0.433013 -0.250000
1.0
0 1 0 0.104720
4.890738 0 1.039558
0.500000 0.000000
0.433013 0.250000
0.250000 0.433013
0.000000 0.500000
-0.250000 0.433013
-0.433013 0.250000
-0.500000 0.000000
-0.433013 -0.250000
-0.250000 -0.433013
-0.000000 -0.500000
0.250000 -0.433013
0.433013 -0.250000
1.0
0 1 0 0.157080
4.755283 0 1.545085
0.500000 0.000000
0.433013 0.250000
0.250000 0.433013
0.000000 0.500000
-0.250000 0.433013
-0.433013 0.250000
-0.500000 0.000000
-0.433013 -0.250000
-0.250000 -0.433013
-0.000000 -0.500000
0.250000 -0.433013
0.433013 -0.250000
1.0
0 1 0 0.209440
4.567727 0 2.033683
0.500000 0.000000
0.433013 0.250000
0.250000 0.433013
0.000000 0.500000
-0.250000 0.433013
-0.433013 0.250000
-0.500000 0.000000
-0.433013 -0.250000
-0.250000 -0.433013
-0.000000 -0.500000
0.250000 -0.433013
0.433013 -0.250000
1.0
0 1 0 0.261799
4.330127 0 2.500000
0.500000 0.000000
0.433013 0.250000
0.250000 0.433013
0.000000 0.500000
-0.250000 0.433013
-0.433013 0.250000
-0.500000 0.000000
-0.433013 -0.250000
-0.250000 -0.433013
-0.000000 -0.500000
0.250000 -0.433013
0.433013 -0.250000
1.0
0 1 0 0.314159
4.045085 0 2.938926
0.500000 0.000000
0.433013 0.250000
0.250000 0.433013
0.000000 0.500000
-0.250000 0.433013
-0.433013 0.250000
-0.500000 0.000000
-0.433013 -0.250000
-0.250000 -0.433013
-0.000000 -0.500000
0.250000 -0.433013
0.433013 -0.250000
1.0
0 1 0 0.366519
3.715724 0 3.345653
0.500000 0.000000
0.433013 0.250000
0.250000 0.433013
0.000000 0.500000
-0.250000 0.433013
-0.433013 0.250000
-0.500000 0.000000
-0.433013 -0.250000
-0.250000 -0.433013
-0.000000 -0.500000
0.250000 -0.433013
0.433013 -0.250000
1.0
0 1 0 0.418879
3.345653 0 3.715724
0.500000 0.000000
0.433013 0.250000
0.250000 0.433013
0.000000 0.500000
-0.250000 0.433013
-0.433013 0.250000
-0.500000 0.000000
-0.433013 -0.250000
-0.250000 -0.433013
-0.000000 -0.500000
0.250000 -0.433013
0.433013 -0.250000
1.0
0 1 0 0.471239
2.938926 0 4.045085
0.500000 0.000000
0.433013 0.250000
0.250000 0.433013
0.000000 0.500000
-0.250000 0.433013
-0.433013 0.250000
-0.500000 0.000000
-0.433013 -0.250000
-0.250000 -0.433013
-0.000000 -0.500000
0.250000 -0.433013
0.433013 -0.250000
1.0
0 1 0 0.523599
2.500000 0 4.330127
0.500000 0.000000
0.433013 0.250000
0.250000 0.433013
0.000000 0.500000
-0.250000 0.433013
-0.433013 0.250000
-0.500000 0.000000
-0.433013 -0.250000
-0.250000 -0.433013
-0.000000 -0.500000
0.250000 -0.433013
0.433013 -0.250000
1.0
0 1 0 0.575959
2.033683 0 4.567727
0.500000 0.000000
0.433013 0.250000
0.250000 0.433013
0.000000 0.500000
-0.250000 0.433013
-0.433013 0.250000
-0.500000 0.000000
-0.433013 -0.250000
-0.250000 -0.433013
-0.000000 -0.500000
0.250000 -0.433013
0.433013 -0.250000
1.0
0 1 0 0.628319
1.545085 0 4.755283
0.500000 0.000000
0.433013 0.250000
0.250000 0.433013
0.000000 0.500000
-0.250000 0.433013
-0.433013 0.250000
-0.500000 0.000000
-0.433013 -0.250000
-0.250000 -0.433013
-0.000000 -0.500000
0.250000 -0.433013
0.433013 -0.250000
1.0
0 1 0 0.680678
1.039558 0 4.890738
0.500000 0.000000
0.433013 0.250000
0.250000 0.433013
0.000000 0.500000
-0.250000 0.433013
-0.433013 0.250000
-0.500000 0.000000
-0.433013 -0.250000
-0.250000 -0.433013
-0.000000 -0.500000
0.250000 -0.433013
0.433013 -0.250000
1.0
0 1 0 0.733038
0.522642 0 4.972609
0.500000 0.000000
0.433013 0.250000
0.250000 0.433013
0.000000 0.500000
-0.250000 0.433013
-0.433013 0.250000
-0.500000 0.000000
-0.433013 -0.250000
-0.250000 -0.433013
-0.000000 -0.500000
0.250000 -0.433013
0.433013 -0.250000
1.0
0 1 0 0.785398
0.000000 0 5.000000
0.500000 0.000000
0.433013 0.250000
0.250000 0.433013
0.000000 0.500000
-0.250000 0.433013
-0.433013 0.250000
-0.500000 0.000000
-0.433013 -0.250000
-0.250000 -0.433013
-0.000000 -0.500000
0.250000 -0.433013
0.433013 -0.250000
1.0
0 1 0 0.837758
-0.522642 0 4.972609
0.500000 0.000000
0.433013 0.250000
0.250000 0.433013
0.000000 0.500000
-0.250000 0.433013
-0.433013 0.250000
-0.500000 0.000000
-0.433013 -0.250000
-0.250000 -0.433013
-0.000000 -0.500000
0.250000 -0.433013
0.433013 -0.250000
1.0
0 1 0 0.890118
-1.039558 0 4.890738
0.500000 0.000000
0.433013 0.250000
0.250000 0.433013
0.000000 0.500000
-0.250000 0.433013
-0.433013 0.250000
-0.500000 0.000000
-0.433013 -0.250000
-0.250000 -0.433013
-0.000000 -0.500000
0.250000 -0.433013
0.433013 -0.250000
1.0
0 1 0 0.942478
-1.545085 0 4.755283
0.500000 0.000000
0.433013 0.250000
0.250000 0.433013
0.000000 0.500000
-0.250000 0.433013
-0.433013 0.250000
-0.500000 0.000000
-0.433013 -0.250000
-0.250000 -0.433013
-0.000000 -0.500000
0.250000 -0.433013
0.433013 -0.250000
1.0
0 1 0 0.994838
-2.033683 0 4.567727
0.500000 0.000000
0.433013 0.250000
0.250000 0.433013
0.000000 0.500000
-0.250000 0.433013
-0.433013 0.250000
-0.500000 0.000000
-0.433013 -0.250000
-0.250000 -0.433013
-0.000000 -0.500000
0.250000 -0.433013
0.433013 -0.250000
1.0
0 1 0 1.047198
-2.500000 0 4.330127
0.500000 0.000000
0.433013 0.250000
0.250000 0.433013
0.000000 0.500000
-0.250000 0.433013
-0.433013 0.250000
-0.500000 0.000000
-0.433013 -0.250000
-0.250000 -0.433013
-0.000000 -0.500000
0.250000 -0.433013
0.433013 -0.250000
1.0
0 1 0 1.099557
-2.938926 0 4.045085
0.500000 0.000000
0.433013 0.250000
0.250000 0.433013
0.000000 0.500000
-0.250000 0.433013
-0.433013 0.250000
-0.500000 0.000000
-0.433013 -0.250000
-0.250000 -0.433013
-0.000000 -0.500000
0.250000 -0.433013
0.433013 -0.250000
1.0
0 1 0 1.151917
-3.345653 0 3.715724
0.500000 0.000000
0.433013 0.250000
0.250000 0.433013
0.000000 0.500000
-0.250000 0.433013
-0.433013 0.250000
-0.500000 0.000000
-0.433013 -0.250000
-0.250000 -0.433013
-0.000000 -0.500000
0.250000 -0.433013
0.433013 -0.250000
1.0
0 1 0 1.204277
-3.715724 0 3.345653
0.500000 0.000000
0.433013 0.250000
0.250000 0.433013
0.000000 0.500000
-0.250000 0.433013
-0.433013 0.250000
-0.500000 0.000000
-0.433013 -0.250000
-0.250000 -0.433013
-0.000000 -0.500000
0.250000 -0.433013
0.433013 -0.250000
1.0
0 1 0 1.256637
-4.045085 0 2.938926
0.500000 0.000000
0.433013 0.250000
0.250000 0.433013
0.000000 0.500000
-0.250000 0.433013
-0.433013 0.250000
-0.500000 0.000000
-0.433013 -0.250000
-0.250000 -0.433013
-0.000000 -0.500000
0.250000 -0.433013
0.433013 -0.250000
1.0
0 1 0 1.308997
-4.330127 0 2.500000
0.500000 0.000000
0.433013 0.250000
0.250000 0.433013
0.000000 0.500000
-0.250000 0.433013
-0.433013 0.250000
-0.500000 0.000000
-0.433013 -0.250000
-0.250000 -0.433013
-0.000000 -0.500000
0.250000 -0.433013
0.433013 -0.250000
1.0
0 1 0 1.361357
-4.567727 0 2.033683
0.500000 0.000000
0.433013 0.250000
0.250000 0.433013
0.000000 0.500000
-0.250000 0.433013
-0.433013 0.250000
-0.500000 0.000000
-0.433013 -0.250000
-0.250000 -0.433013
-0.000000 -0.500000
0.250000 -0.433013
0.433013 -0.250000
1.0
0 1 0 1.413717
-4.755283 0 1.545085
0.500000 0.000000
0.433013 0.250000
0.250000 0.433013
0.000000 0.500000
-0.250000 0.433013
-0.433013 0.250000
-0.500000 0.000000
-0.433013 -0.250000
-0.250000 -0.433013
-0.000000 -0.500000
0.250000 -0.433013
0.433013 -0.250000
1.0
0 1 0 1.466077
-4.890738 0 1.039558
0.500000 0.000000
0.433013 0.250000
0.250000 0.433013
0.000000 0.500000
-0.250000 0.433013
-0.433013 0.250000
-0.500000 0.000000
-0.433013 -0.250000
-0.250000 -0.433013
-0.000000 -0.500000
0.250000 -0.433013
0.433013 -0.250000
1.0
0 1 0 1.518436
-4.972609 0 0.522642
0.500000 0.000000
0.433013 0.250000
0.250000 0.433013
0.000000 0.500000
-0.250000 0.433013
-0.433013 0.250000
-0.500000 0.000000
-0.433013 -0.250000
-0.250000 -0.433013
-0.000000 -0.500000
0.250000 -0.433013
0.433013 -0.250000
1.0
0 1 0 1.570796
-5.000000 0 0.000000
0.500000 0.000000
0.433013 0.250000
0.250000 0.433013
0.000000 0.500000
-0.250000 0.433013
-0.433013 0.250000
-0.500000 0.000000
-0.433013 -0.250000
-0.250000 -0.433013
-0.000000 -0.500000
0.250000 -0.433013
0.433013 -0.250000
1.0
0 1 0 1.623156
-4.972609 0 -0.522642
0.500000 0.000000
0.433013 0.250000
0.250000 0.433013
0.000000 0.500000
-0.250000 0.433013
-0.433013 0.250000
-0.500000 0.000000
-0.433013 -0.250000
-0.250000 -0.433013
-0.000000 -0.500000
0.250000 -0.433013
0.433013 -0.250000
1.0
0 1 0 1.675516
-4.890738 0 -1.039558
0.500000 0.000000
0.433013 0.250000
0.250000 0.433013
0.000000 0.500000
-0.250000 0.433013
-0.433013 0.250000
-0.500000 0.000000
-0.433013 -0.250000
-0.250000 -0.433013
-0.000000 -0.500000
0.250000 -0.433013
0.433013 -0.250000
1.0
0 1 0 1.727876
-4.755283 0 -1.545085
0.500000 0.000000
0.433013 0.250000
0.250000 0.433013
0.000000 0.500000
-0.250000 0.433013
-0.433013 0.250000
-0.500000 0.000000
-0.433013 -0.250000
-0.250000 -0.433013
-0.000000 -0.500000
0.250000 -0.433013
0.433013 -0.250000
1.0
0 1 0 1.780236
-4.567727 0 -2.033683
0.500000 0.000000
0.433013 0.250000
0.250000 0.433013
0.000000 0.500000
-0.250000 0.433013
-0.433013 0.250000
-0.500000 0.000000
-0.433013 -0.250000
-0.250000 -0.433013
-0.000000 -0.500000
0.250000 -0.433013
0.433013 -0.250000
1.0
0 1 0 1.832596
-4.330127 0 -2.500000
0.500000 0.000000
0.433013 0.250000
0.250000 0.433013
0.000000 0.500000
-0.250000 0.433013
-0.433013 0.250000
-0.500000 0.000000
-0.433013 -0.250000
-0.250000 -0.433013
-0.000000 -0.500000
0.250000 -0.433013
0.433013 -0.250000
1.0
0 1 0 1.884956
-4.045085 0 -2.938926
0.500000 0.000000
0.433013 0.250000
0.250000 0.433013
0.000000 0.500000
-0.250000 0.433013
-0.433013 0.250000
-0.500000 0.000000
-0.433013 -0.250000
-0.250000 -0.433013
-0.000000 -0.500000
0.250000 -0.433013
0.433013 -0.250000
1.0
0 1 0 1.937315
-3.715724 0 -3.345653
0.500000 0.000000
0.433013 0.250000
0.250000 0.433013
0.000000 0.500000
-0.250000 0.433013
-0.433013 0.250000
-0.500000 0.000000
-0.433013 -0.250000
-0.250000 -0.433013
-0.000000 -0.500000
0.250000 -0.433013
0.433013 -0.250000
1.0
0 1 0 1.989675
-3.345653 0 -3.715724
0.500000 0.000000
0.433013 0.250000
0.250000 0.433013
0.000000 0.500000
-0.250000 0.433013
-0.433013 0.250000
-0.500000 0.000000
-0.433013 -0.250000
-0.250000 -0.433013
-0.000000 -0.500000
0.250000 -0.433013
0.433013 -0.250000
1.0
0 1 0 2.042035
-2.938926 0 -4.045085
0.500000 0.000000
0.433013 0.250000
0.250000 0.433013
0.000000 0.500000
-0.250000 0.433013
-0.433013 0.250000
-0.500000 0.000000
-0.433013 -0.250000
-0.250000 -0.433013
-0.000000 -0.500000
0.250000 -0.433013
0.433013 -0.250000
1.0
0 1 0 2.094395
-2.500000 0 -4.330127
0.500000 0.000000
0.433013 0.250000
0.250000 0.433013
0.000000 0.500000
-0.250000 0.433013
-0.433013 0.250000
-0.500000 0.000000
-0.433013 -0.250000
-0.250000 -0.433013
-0.000000 -0.500000
0.250000 -0.433013
0.433013 -0.250000
1.0
0 1 0 2.146755
-2.033683 0 -4.567727
0.500000 0.000000
0.433013 0.250000
0.250000 0.433013
0.000000 0.500000
-0.250000 0.433013
-0.433013 0.250000
-0.500000 0.000000
-0.433013 -0.250000
-0.250000 -0.433013
-0.000000 -0.500000
0.250000 -0.433013
0.433013 -0.250000
1.0
0 1 0 2.199115
-1.545085 0 -4.755283
0.500000 0.000000
0.433013 0.250000
0.250000 0.433013
0.000000 0.500000
-0.250000 0.433013
-0.433013 0.250000
-0.500000 0.000000
-0.433013 -0.250000
-0.250000 -0.433013
-0.000000 -0.500000
0.250000 -0.433013
0.433013 -0.250000
1.0
0 1 0 2.251475
-1.039558 0 -4.890738
0.500000 0.000000
0.433013 0.250000
0.250000 0.433013
0.000000 0.500000
-0.250000 0.433013
-0.433013 0.250000
-0.500000 0.000000
-0.433013 -0.250000
-0.250000 -0.433013
-0.000000 -0.500000
0.250000 -0.433013
0.433013 -0.250000
1.0
0 1 0 2.303835
-0.522642 0 -4.972609
0.500000 0.000000
0.433013 0.250000
0.250000 0.433013
0.000000 0.500000
-0.250000 0.433013
-0.433013 0.250000
-0.500000 0.000000
-0.433013 -0.250000
-0.250000 -0.433013
-0.000000 -0.500000
0.250000 -0.433013
0.433013 -0.250000
1.0
0 1 0 2.356194
-0.000000 0 -5.000000
0.500000 0.000000
0.433013 0.250000
0.250000 0.433013
0.000000 0.500000
-0.250000 0.433013
-0.433013 0.250000
-0.500000 0.000000
-0.433013 -0.250000
-0.250000 -0.433013
-0.000000 -0.500000
0.250000 -0.433013
0.433013 -0.250000
1.0
0 1 0 2.408554
0.522642 0 -4.972609
0.500000 0.000000
0.433013 0.250000
0.250000 0.433013
0.000000 0.500000
-0.250000 0.433013
-0.433013 0.250000
-0.500000 0.000000
-0.433013 -0.250000
-0.250000 -0.433013
-0.000000 -0.500000
0.250000 -0.433013
0.433013 -0.250000
1.0
0 1 0 2.460914
1.039558 0 -4.890738
0.500000 0.000000
0.433013 0.250000
0.250000 0.433013
0.000000 0.500000
-0.250000 0.433013
-0.433013 0.250000
-0.500000 0.000000
-0.433013 -0.250000
-0.250000 -0.433013
-0.000000 -0.500000
0.250000 -0.433013
0.433013 -0.250000
1.0
0 1 0 2.513274
1.545085 0 -4.755283
0.500000 0.000000
0.433013 0.250000
0.250000 0.433013
0.000000 0.500000
-0.250000 0.433013
-0.433013 0.250000
-0.500000 0.000000
-0.433013 -0.250000
-0.250000 -0.433013
-0.000000 -0.500000
0.250000 -0.433013
0.433013 -0.250000
1.0
0 1 0 2.565634
2.033683 0 -4.567727
0.500000 0.000000
0.433013 0.250000
0.250000 0.433013
0.000000 0.500000
-0.250000 0.433013
-0.433013 0.250000
-0.500000 0.000000
-0.433013 -0.250000
-0.250000 -0.433013
-0.000000 -0.500000
0.250000 -0.433013
0.433013 -0.250000
1.0
0 1 0 2.617994
2.500000 0 -4.330127
0.500000 0.000000
0.433013 0.250000
0.250000 0.433013
0.000000 0.500000
-0.250000 0.433013
-0.433013 0.250000
-0.500000 0.000000
-0.433013 -0.250000
-0.250000 -0.433013
-0.000000 -0.500000
0.250000 -0.433013
0.433013 -0.250000
1.0
0 1 0 2.670354
2.938926 0 -4.045085
0.500000 0.000000
0.433013 0.250000
0.250000 0.433013
0.000000 0.500000
-0.250000 0.433013
-0.433013 0.250000
-0.500000 0.000000
-0.433013 -0.250000
-0.250000 -0.433013
-0.000000 -0.500000
0.250000 -0.433013
0.433013 -0.250000
1.0
0 1 0 2.722714
3.345653 0 -3.715724
0.500000 0.000000
0.433013 0.250000
0.250000 0.433013
0.000000 0.500000
-0.250000 0.433013
-0.433013 0.250000
-0.500000 0.000000
-0.433013 -0.250000
-0.250000 -0.433013
-0.000000 -0.500000
0.250000 -0.433013
0.433013 -0.250000
1.0
0 1 0 2.775074
3.715724 0 -3.345653
0.500000 0.000000
0.433013 0.250000
0.250000 0.433013
0.000000 0.500000
-0.250000 0.433013
-0.433013 0.250000
-0.500000 0.000000
-0.433013 -0.250000
-0.250000 -0.433013
-0.000000 -0.500000
0.250000 -0.433013
0.433013 -0.250000
1.0
0 1 0 2.827433
4.045085 0 -2.938926
0.500000 0.000000
0.433013 0.250000
0.250000 0.433013
0.000000 0.500000
-0.250000 0.433013
-0.433013 0.250000
-0.500000 0.000000
-0.433013 -0.250000
-0.250000 -0.433013
-0.000000 -0.500000
0.250000 -0.433013
0.433013 -0.250000
1.0
0 1 0 2.879793
4.330127 0 -2.500000
0.500000 0.000000
0.433013 0.250000
0.250000 0.433013
0.000000 0.500000
-0.250000 0.433013
-0.433013 0.250000
-0.500000 0.000000
-0.433013 -0.250000
-0.250000 -0.433013
-0.000000 -0.500000
0.250000 -0.433013
0.433013 -0.250000
1.0
0 1 0 2.932153
4.567727 0 -2.033683
0.500000 0.000000
0.433013 0.250000
0.250000 0.433013
0.000000 0.500000
-0.250000 0.433013
-0.433013 0.250000
-0.500000 0.000000
-0.433013 -0.250000
-0.250000 -0.433013
-0.000000 -0.500000
0.250000 -0.433013
0.433013 -0.250000
1.0
0 1 0 2.984513
4.755283 0 -1.545085
0.500000 0.000000
0.433013 0.250000
0.250000 0.433013
0.000000 0.500000
-0.250000 0.433013
-0.433013 0.250000
-0.500000 0.000000
-0.433013 -0.250000
-0.250000 -0.433013
-0.000000 -0.500000
0.250000 -0.433013
0.433013 -0.250000
1.0
0 1 0 3.036873
4.890738 0 -1.039558
0.500000 0.000000
0.433013 0.250000
0.250000 0.433013
0.000000 0.500000
-0.250000 0.433013
-0.433013 0.250000
-0.500000 0.000000
-0.433013 -0.250000
-0.250000 -0.433013
-0.000000 -0.500000
0.250000 -0.433013
0.433013 -0.250000
1.0
0 1 0 3.089233
4.972609 0 -0.522642