CATMULL_ROM
7
8

# 섹션 1: 버섯 밑동 (아래쪽)
0.5000  0.0000
0.3536  0.3536
0.0000  0.5000
-0.3536 0.3536
-0.5000 0.0000
-0.3536 -0.3536
0.0000 -0.5000
0.3536 -0.3536
1.0
0 1 0 0
0 0 0

# 섹션 2: 살짝 넓어짐
0.6000  0.0000
0.4243  0.4243
0.0000  0.6000
-0.4243 0.4243
-0.6000 0.0000
-0.4243 -0.4243
0.0000 -0.6000
0.4243 -0.4243
1.0
0 1 0 0
0 1 0

# 섹션 3: 줄기 상단
0.8000  0.0000
0.5657  0.5657
0.0000  0.8000
-0.5657 0.5657
-0.8000 0.0000
-0.5657 -0.5657
0.0000 -0.8000
0.5657 -0.5657
1.0
0 1 0 0
0 2 0

# 섹션 4: 버섯 갓 시작
1.5000  0.0000
1.0607  1.0607
0.0000  1.5000
-1.0607 1.0607
-1.5000 0.0000
-1.0607 -1.0607
0.0000 -1.5000
1.0607 -1.0607
1.0
0 1 0 0
0 3 0

# 섹션 5: 갓 중간 (불규칙성 추가)
2.5000  0.0000
1.7678  1.7678
0.0000  2.5000
-1.7678 1.7678
-2.5000 0.0000
-1.7678 -1.7678
0.0000 -2.5000
1.7678 -1.7678
1.0
0 1 0 0
0 4 0

# 섹션 6: 갓 윗부분 (약간 더 불규칙)
3.0000  0.0000
1.9590  2.0391
0.0000  3.0000
-2.0391 1.9590
-3.0000 0.0000
-1.9590 -2.0391
0.0000 -3.0000
2.0391 -1.9590
1.0
0 1 0 0
0 5 0

# 섹션 7: 갓 꼭대기 (마무리)
2.8000  0.0000
2.0536  2.0536
0.0000  2.8000
-2.0536 2.0536
-2.8000 0.0000
-2.0536 -2.0536
0.0000 -2.8000
2.0536 -2.0536
1.0
0 1 0 0
0 6 0
