CATMULL_ROM
7
8

# 0) 뾰족한 줄기 시작
0.02  0.00
0.015 0.02
-0.01 0.04
-0.02 0.03
-0.03 0.00
-0.02 -0.02
-0.01 -0.05
0.01  -0.03
0.08
0 0 1 0.00
0 0 0

# 1) 줄기 하단 (살짝 S자)
0.03   0.00
0.025  0.03
-0.015 0.06
-0.03  0.05
-0.04  0.00
-0.02 -0.04
0.00  -0.06
0.02  -0.04
0.10
0 0 1 0.08
0 1 0

# 2) 줄기 중간 (가장 굵고 울퉁불퉁)
0.035  0.00
0.03   0.04
-0.02  0.07
-0.04  0.06
-0.05  0.00
-0.03 -0.06
-0.01 -0.07
0.02  -0.05
0.14
1 0 0 -0.06
0 2 0

# 3) 줄기 상단 (갓 시작 전)
0.03   0.00
0.025  0.05
-0.02  0.08
-0.045 0.07
-0.06  0.00
-0.045 -0.07
-0.02 -0.08
0.025 -0.05
0.12
0 1 0 0.10
0 3 0

# 4) 갓 아래 (급격 확장)
0.10  0.00
0.08  0.08
0.00  0.10
-0.08 0.08
-0.10 0.00
-0.08 -0.08
0.00 -0.10
0.08  -0.08
0.40
0 0 1 -0.15
0 4 0

# 5) 갓 중간 (최대 벌어짐 + 중앙 솟음)
0.16  0.00
0.12  0.12
0.00  0.16
-0.12 0.12
-0.16 0.00
-0.12 -0.12
0.00 -0.16
0.12  -0.12
0.60
1 0 0 0.20
0 5 0

# 6) 갓 끝 (부드럽게 수축)
0.14  0.00
0.10  0.10
0.00  0.14
-0.10 0.10
-0.14 0.00
-0.10 -0.10
0.00 -0.14
0.10  -0.10
0.50
0 1 0 -0.10
0 6 0
