CATMULL_ROM
7
8

# 0) 줄기 바닥 – 아주 얇고 살짝 왼쪽으로 기울임
0.02  0.00
0.015 0.01
0.01  0.02
-0.005 0.025
-0.015 0.02
-0.02  0.01
-0.015 -0.01
0.01  -0.02
0.08
0 0 1 0.00
0 0 0

# 1) 줄기 중간1 – 부드러운 오른쪽 곡선
0.025 0.00
0.02  0.03
0.015 0.05
-0.005 0.055
-0.02  0.05
-0.025 0.03
-0.02  -0.01
0.015 -0.04
0.10
0 0 1 0.08
0 1 0

# 2) 줄기 중간2 – 살짝 왼쪽으로 휘어짐
0.03   0.00
0.025  0.04
0.015  0.07
-0.01   0.08
-0.03   0.07
-0.035  0.05
-0.03  -0.02
0.02   -0.06
0.12
1 0 0 -0.06
0 2 0

# 3) 줄기 끝 / 갓 시작 – 급격 확장 전환
0.035  0.00
0.03   0.06
0.015  0.10
-0.01  0.11
-0.035 0.10
-0.04  0.06
-0.035 -0.02
0.025  -0.08
0.15
0 1 0 0.10
0 3 0

# 4) 갓 아래 – 우산이 막 퍼지기 시작
0.08  0.00
0.065 0.09
0.00  0.12
-0.065 0.09
-0.08  0.00
-0.065 -0.09
0.00  -0.12
0.065 -0.09
0.40
0 0 1 -0.15
0 4 0

# 5) 갓 중간 – 최대 벌어짐, 살짝 비틀림
0.12  0.00
0.09  0.12
0.00  0.15
-0.09 0.12
-0.12 0.00
-0.09 -0.12
0.00  -0.15
0.09  -0.12
0.60
1 0 0 0.20
0 5 0

# 6) 갓 끝 – 부드럽게 수축하며 마무리
0.10  0.00
0.075 0.10
0.00  0.12
-0.075 0.10
-0.10  0.00
-0.075 -0.10
0.00  -0.12
0.075 -0.10
0.50
0 1 0 -0.10
0 6 0
