CATMULL_ROM
7
8

# 0) 줄기 바닥 – 두툼하게 시작
0.04   0.00
0.035  0.02
0.02   0.04
-0.01  0.045
-0.03  0.04
-0.04  0.02
-0.035 -0.02
0.02   -0.04
0.10
0 0 1 0.00
0 0 0

# 1) 줄기 중간1 – 살짝 오른쪽으로 휘어짐
0.045  0.00
0.04   0.03
0.025  0.05
-0.005 0.055
-0.03  0.05
-0.045 0.03
-0.04  -0.02
0.025  -0.05
0.12
0 0 1 0.08
0 1.2 0

# 2) 줄기 중간2 – 살짝 왼쪽으로 휘어짐
0.05   0.00
0.045  0.04
0.03   0.06
-0.01  0.065
-0.035 0.06
-0.05  0.04
-0.045 -0.03
0.03   -0.06
0.14
1 0 0 -0.06
0 2.3 0

# 3) 갓 시작 – 급격 확장, 살짝 왼쪽으로 비틀림
0.12   0.00
0.10   0.10
0.00   0.12
-0.10  0.10
-0.12  0.00
-0.10  -0.10
0.00   -0.12
0.10   -0.10
0.40
0 1 0 0.15
0 3 0

# 4) 갓 중간 – 최대 벌어짐(우산 형태), 오른쪽으로 살짝 기울임
0.16   0.00
0.13   0.13
0.00   0.16
-0.13  0.13
-0.16  0.00
-0.13  -0.13
0.00   -0.16
0.13   -0.13
0.65
0 0 1 -0.12
0.1 4 0

# 5) 갓 상단 – 살짝 수축하며 부드러운 곡선
0.14   0.00
0.11   0.11
0.00   0.14
-0.11  0.11
-0.14  0.00
-0.11  -0.11
0.00   -0.14
0.11   -0.11
0.55
1 0 0 0.05
0.2 5 0

# 6) 갓 끝 – 자연스럽게 마무리
0.12   0.00
0.09   0.09
0.00   0.12
-0.09  0.09
-0.12  0.00
-0.09  -0.09
0.00   -0.12
0.09   -0.09
0.45
0 1 0 -0.08
0 6 0
