CATMULL_ROM
16      # number of cross sections (one loop around)
8       # number of control points per cross section

# define 8 control points on unit circle (x z), repeated each section
# then scale=1, rotation axis=(0,1,0), angle = step*0.3 rad, translate = (3cosθ,0,3sinθ)

# Section 0 (θ=0)
1.000  0.000
0.707  0.707
0.000  1.000
-0.707 0.707
-1.000 0.000
-0.707 -0.707
0.000  -1.000
0.707  -0.707
1.0                 # scale
0 1 0 0.00          # no twist at start
3.000 0 0.000       # translate on circle

# Section 1 (θ=22.5°)
1.000  0.000
0.707  0.707
0.000  1.000
-0.707 0.707
-1.000 0.000
-0.707 -0.707
0.000  -1.000
0.707  -0.707
1.0
0 1 0 0.30          # twist +0.30 rad
2.772 0 1.148       # 3*cos(22.5°), 3*sin(22.5°)

# Section 2 (θ=45°)
1.000  0.000
0.707  0.707
0.000  1.000
-0.707 0.707
-1.000 0.000
-0.707 -0.707
0.000  -1.000
0.707  -0.707
1.0
0 1 0 0.60
2.121 0 2.121

# Section 3 (θ=67.5°)
1.000  0.000
0.707  0.707
0.000  1.000
-0.707 0.707
-1.000 0.000
-0.707 -0.707
0.000  -1.000
0.707  -0.707
1.0
0 1 0 0.90
0.776 0 2.892

# Section 4 (θ=90°)
1.000  0.000
0.707  0.707
0.000  1.000
-0.707 0.707
-1.000 0.000
-0.707 -0.707
0.000  -1.000
0.707  -0.707
1.0
0 1 0 1.20
0.000 0 3.000

# Section 5 (θ=112.5°)
1.000  0.000
0.707  0.707
0.000  1.000
-0.707 0.707
-1.000 0.000
-0.707 -0.707
0.000  -1.000
0.707  -0.707
1.0
0 1 0 1.50
-0.776 0 2.892

# Section 6 (θ=135°)
1.000  0.000
0.707  0.707
0.000  1.000
-0.707 0.707
-1.000 0.000
-0.707 -0.707
0.000  -1.000
0.707  -0.707
1.0
0 1 0 1.80
-2.121 0 2.121

# Section 7 (θ=157.5°)
1.000  0.000
0.707  0.707
0.000  1.000
-0.707 0.707
-1.000 0.000
-0.707 -0.707
0.000  -1.000
0.707  -0.707
1.0
0 1 0 2.10
-2.772 0 1.148

# Section 8 (θ=180°)
1.000  0.000
0.707  0.707
0.000  1.000
-0.707 0.707
-1.000 0.000
-0.707 -0.707
0.000  -1.000
0.707  -0.707
1.0
0 1 0 2.40
-3.000 0 0.000

# Section 9 (θ=202.5°)
1.000  0.000
0.707  0.707
0.000  1.000
-0.707 0.707
-1.000 0.000
-0.707 -0.707
0.000  -1.000
0.707  -0.707
1.0
0 1 0 2.70
-2.772 0 -1.148

# Section 10 (θ=225°)
1.000  0.000
0.707  0.707
0.000  1.000
-0.707 0.707
-1.000 0.000
-0.707 -0.707
0.000  -1.000
0.707  -0.707
1.0
0 1 0 3.00
-2.121 0 -2.121

# Section 11 (θ=247.5°)
1.000  0.000
0.707  0.707
0.000  1.000
-0.707 0.707
-1.000 0.000
-0.707 -0.707
0.000  -1.000
0.707  -0.707
1.0
0 1 0 3.30
-0.776 0 -2.892

# Section 12 (θ=270°)
1.000  0.000
0.707  0.707
0.000  1.000
-0.707 0.707
-1.000 0.000
-0.707 -0.707
0.000  -1.000
0.707  -0.707
1.0
0 1 0 3.60
0.000 0 -3.000

# Section 13 (θ=292.5°)
1.000  0.000
0.707  0.707
0.000  1.000
-0.707 0.707
-1.000 0.000
-0.707 -0.707
0.000  -1.000
0.707  -0.707
1.0
0 1 0 3.90
0.776 0 -2.892

# Section 14 (θ=315°)
1.000  0.000
0.707  0.707
0.000  1.000
-0.707 0.707
-1.000 0.000
-0.707 -0.707
0.000  -1.000
0.707  -0.707
1.0
0 1 0 4.20
2.121 0 -2.121

# Section 15 (θ=337.5°)
1.000  0.000
0.707  0.707
0.000  1.000
-0.707 0.707
-1.000 0.000
-0.707 -0.707
0.000  -1.000
0.707  -0.707
1.0
0 1 0 4.50
2.772 0 -1.148
