CATMULL_ROM
21      # total cross sections
8       # control points per cross section

# === Central “planet” (5 slices, y=0~1) ===
# 1) very bottom (tiny)
0.02 0.00
0.018 0.01
0.00  0.015
-0.018 0.012
-0.02 0.00
-0.015 -0.012
0.00  -0.015
0.015 -0.01
0.4          # small radius
1 1 0 0.0    # no twist
0 0 0        # center

# 2) mid lower (bulged a bit)
0.03 0.00
0.025 0.02
0.00  0.03
-0.025 0.028
-0.03 0.00
-0.028 -0.025
0.00  -0.03
0.025 -0.02
0.6
1 1 0 0.2    # slight tilt
0 0.3 0

# 3) mid (largest bulge)
0.035 0.00
0.03  0.03
0.00  0.04
-0.03 0.038
-0.035 0.00
-0.038 -0.03
0.00  -0.04
0.03  -0.03
0.8
0 1 1 0.4    # twist
0 0.6 0

# 4) mid upper (back to smaller)
0.03 0.00
0.028 0.02
0.00  0.032
-0.028 0.03
-0.03 0.00
-0.03 -0.028
0.00  -0.032
0.028 -0.02
0.6
1 0 1 -0.3
0 0.9 0

# 5) top of blob (tapers off)
0.02 0.00
0.018 0.015
0.00  0.02
-0.018 0.017
-0.02 0.00
-0.017 -0.018
0.00  -0.02
0.018 -0.015
0.4
0 0 1 0.1
0 1.2 0

# === Transition to ring (1 slice for smooth join) ===
0.05  0.00
0.04  0.05
0.00  0.07
-0.04 0.065
-0.05 0.00
-0.05 -0.05
0.00  -0.07
0.04  -0.05
0.5
0 1 0 0.3
0 1.5 0

# === Torus ring (15 slices) ===
# each at radius R=3, slight twist each time, ring off-center toward +X

# slice 0 (θ=0°)
1.000 0.000
0.707 0.707
0.000 1.000
-0.707 0.707
-1.000 0.000
-0.707 -0.707
0.000 -1.000
0.707 -0.707
1.0
0 1 0 0.00
3.2 1.5 0.0

# slice 1 (θ=24°)
1.000 0.000
0.707 0.707
0.000 1.000
-0.707 0.707
-1.000 0.000
-0.707 -0.707
0.000 -1.000
0.707 -0.707
1.0
0 1 0 0.25
2.75 1.5 1.22

# slice 2 (θ=48°)
1.000 0.000
0.707 0.707
0.000 1.000
-0.707 0.707
-1.000 0.000
-0.707 -0.707
0.000 -1.000
0.707 -0.707
1.0
0 1 0 0.50
1.95 1.5 2.31

# slice 3 (θ=72°)
1.000 0.000
0.707 0.707
0.000 1.000
-0.707 0.707
-1.000 0.000
-0.707 -0.707
0.000 -1.000
0.707 -0.707
1.0
0 1 0 0.75
0.97 1.5 2.85

# slice 4 (θ=96°)
1.000 0.000
0.707 0.707
0.000 1.000
-0.707 0.707
-1.000 0.000
-0.707 -0.707
0.000 -1.000
0.707 -0.707
1.0
0 1 0 1.00
-0.31 1.5 2.95

# slice 5 (θ=120°)
1.000 0.000
0.707 0.707
0.000 1.000
-0.707 0.707
-1.000 0.000
-0.707 -0.707
0.000 -1.000
0.707 -0.707
1.0
0 1 0 1.25
-1.73 1.5 2.60

# slice 6 (θ=144°)
1.000 0.000
0.707 0.707
0.000 1.000
-0.707 0.707
-1.000 0.000
-0.707 -0.707
0.000 -1.000
0.707 -0.707
1.0
0 1 0 1.50
-2.60 1.5 1.73

# slice 7 (θ=168°)
1.000 0.000
0.707 0.707
0.000 1.000
-0.707 0.707
-1.000 0.000
-0.707 -0.707
0.000 -1.000
0.707 -0.707
1.0
0 1 0 1.75
-2.95 1.5 0.31

# slice 8 (θ=192°)
1.000 0.000
0.707 0.707
0.000 1.000
-0.707 0.707
-1.000 0.000
-0.707 -0.707
0.000 -1.000
0.707 -0.707
1.0
0 1 0 2.00
-2.85 1.5 -0.97

# slice 9 (θ=216°)
1.000 0.000
0.707 0.707
0.000 1.000
-0.707 0.707
-1.000 0.000
-0.707 -0.707
0.000 -1.000
0.707 -0.707
1.0
0 1 0 2.25
-2.31 1.5 -1.95

# slice 10 (θ=240°)
1.000 0.000
0.707 0.707
0.000 1.000
-0.707 0.707
-1.000 0.000
-0.707 -0.707
0.000 -1.000
0.707 -0.707
1.0
0 1 0 2.50
-1.22 1.5 -2.75

# slice 11 (θ=264°)
1.000 0.000
0.707 0.707
0.000 1.000
-0.707 0.707
-1.000 0.000
-0.707 -0.707
0.000 -1.000
0.707 -0.707
1.0
0 1 0 2.75
0.31 1.5 -2.95

# slice 12 (θ=288°)
1.000 0.000
0.707 0.707
0.000 1.000
-0.707 0.707
-1.000 0.000
-0.707 -0.707
0.000 -1.000
0.707 -0.707
1.0
0 1 0 3.00
1.73 1.5 -2.60

# slice 13 (θ=312°)
1.000 0.000
0.707 0.707
0.000 1.000
-0.707 0.707
-1.000 0.000
-0.707 -0.707
0.000 -1.000
0.707 -0.707
1.0
0 1 0 3.25
2.60 1.5 -1.73

# slice 14 (θ=336°)
1.000 0.000
0.707 0.707
0.000 1.000
-0.707 0.707
-1.000 0.000
-0.707 -0.707
0.000 -1.000
0.707 -0.707
1.0
0 1 0 3.50
2.95 1.5 -0.31

# slice 15 (θ=360° is same as 0, but we skip to close)
1.000 0.000
0.707 0.707
0.000 1.000
-0.707 0.707
-1.000 0.000
-0.707 -0.707
0.000 -1.000
0.707 -0.707
1.0
0 1 0 4.00
3.20 1.5 0.00
