# Original Simple Dataframe 포맷
# 각 줄: (x z 쌍들), scale, rotation(각도(deg)(axisX,axisY,axisZ)), tx ty tz

# 줄기 3단계
1 0, 0.7071 0.7071, 0 1, -0.7071 0.7071, -1 0, -0.7071 -0.7071, 0 -1, 0.7071 -0.7071, 1 0, 0.4, 0(0,1,0), 0 0 0
1 0, 0.7071 0.7071, 0 1, -0.7071 0.7071, -1 0, -0.7071 -0.7071, 0 -1, 0.7071 -0.7071, 1 0, 0.3, 0(0,1,0), 0 2 0
1 0, 0.7071 0.7071, 0 1, -0.7071 0.7071, -1 0, -0.7071 -0.7071, 0 -1, 0.7071 -0.7071, 1 0, 0.2, 0(0,1,0), 0 4 0

# 갓 아래
1 0, 0.7071 0.7071, 0 1, -0.7071 0.7071, -1 0, -0.7071 -0.7071, 0 -1, 0.7071 -0.7071, 1 0, 0.6, 0(0,1,0), 0 4.5 0

# 갓 중간(최대 반지름)
1 0, 0.7071 0.7071, 0 1, -0.7071 0.7071, -1 0, -0.7071 -0.7071, 0 -1, 0.7071 -0.7071, 1 0, 1.2, 0(0,1,0), 0 5 0

# 갓 윗부분
1 0, 0.7071 0.7071, 0 1, -0.7071 0.7071, -1 0, -0.7071 -0.7071, 0 -1, 0.7071 -0.7071, 1 0, 0.8, 0(0,1,0), 0 5.5 0
